1
720
2730
0
0
0
0
0
0
0
240
710
1040
120
0
1120
200
0
0
0
7440
4190
4420
4270
4120
4200
4390
4220
4300
5900
8920
420
7660
5500
5990
5520
7980
790
660
5040
120
2010
0
5800
0
0
0
0
1100
2220
8770
4800
3220
7350
8710
270
1960
4360
3080
2150
7830
5320
6030
2650
0
8410
600
1870
2400
2250
2330
5630
600
5750
0
120
0
2490
8580
5170
7190
7950
4300
4130
3790
4120
4110
3660
4960
4200
3980
3900
4880
1490
6500
4740
3300
5550
4440
2830
4330
4340
3980
6030
4290
3930
4840
5320
4940
3070
3650
4890
4350
6380
6590
9290
8660
8150
8090
5470
10440
8540
3000
3570
5320
5330
2480
4570
860
3780
4220
4900
5210
5410
3380
5260
4320
5210
1810
3950
5390
4520
5710
3820
5040
10330
6150
0
6360
4340
4930
